
========== Influence of depth ==========
Fixed Parameters: {'min_samples_split': 40, 'min_gain': 0.0}
--------------------------------------------------------------------------------
Accuracy 			Recall 			Precision 			Depth 			MinSamplesSplit 			MinGain
0.8868 			0.7079 			0.7075 			10 			40 			0.0
0.8875 			0.6738 			0.7285 			20 			40 			0.0
0.8896 			0.6864 			0.7283 			40 			40 			0.0
0.8899 			0.6757 			0.7364 			60 			40 			0.0
0.8870 			0.6936 			0.7140 			80 			40 			0.0
0.8905 			0.7095 			0.7187 			100 			40 			0.0
0.8896 			0.6953 			0.7259 			120 			40 			0.0


========== Influence of min_samples_split ==========
Fixed Parameters: {'depth': 25, 'min_gain': 0.0}
--------------------------------------------------------------------------------
Accuracy 			Recall 			Precision 			Depth 			MinSamplesSplit 			MinGain
0.8960 			0.6775 			0.7573 			25 			70 			0.0
0.8920 			0.6604 			0.7527 			25 			75 			0.0
0.8900 			0.6614 			0.7415 			25 			80 			0.0
0.8948 			0.6881 			0.7490 			25 			85 			0.0
0.8955 			0.6595 			0.7661 			25 			90 			0.0
0.8956 			0.6837 			0.7543 			25 			95 			0.0
0.8913 			0.6676 			0.7447 			25 			100 			0.0
0.8927 			0.7015 			0.7360 			25 			105 			0.0


========== Influence of min_gain ==========
Fixed Parameters: {'depth': 25, 'min_samples_split': 40}
--------------------------------------------------------------------------------
Accuracy 			Recall 			Precision 			Depth 			MinSamplesSplit 			MinGain
0.8863 			0.6900 			0.7128 			25 			40 			0.0
0.8872 			0.6773 			0.7215 			25 			40 			0.01
0.8877 			0.6792 			0.7243 			25 			40 			0.02
0.8893 			0.6756 			0.7317 			25 			40 			0.03
0.8927 			0.7151 			0.7293 			25 			40 			0.04
0.8955 			0.7079 			0.7413 			25 			40 			0.045
0.8906 			0.7062 			0.7217 			25 			40 			0.05
0.8855 			0.7097 			0.7028 			25 			40 			0.055
0.8824 			0.7052 			0.6937 			25 			40 			0.06

