
========== Influence of depth ==========
Fixed Parameters: {'min_samples_split': 40, 'min_gain': 0.0}
--------------------------------------------------------------------------------
Accuracy 			Recall 			Precision 			Depth 			MinSamplesSplit 			MinGain
0.8538 			0.6756 			0.6100 			3 			40 			0.0
0.8746 			0.7456 			0.6551 			5 			40 			0.0
0.8974 			0.7169 			0.7443 			7 			40 			0.0
0.8860 			0.6954 			0.7112 			10 			40 			0.0
0.8901 			0.7025 			0.7231 			15 			40 			0.0
0.8865 			0.6962 			0.7099 			20 			40 			0.0
0.8886 			0.6954 			0.7185 			40 			40 			0.0
0.8880 			0.6820 			0.7247 			60 			40 			0.0
0.8927 			0.7043 			0.7314 			80 			40 			0.0
0.8894 			0.7043 			0.7186 			100 			40 			0.0
0.8841 			0.6811 			0.7100 			120 			40 			0.0


========== Influence of min_samples_split ==========
Fixed Parameters: {'depth': 25, 'min_gain': 0.0}
--------------------------------------------------------------------------------
Accuracy 			Recall 			Precision 			Depth 			MinSamplesSplit 			MinGain
0.8659 			0.6667 			0.6502 			25 			1 			0.0
0.8649 			0.6676 			0.6463 			25 			2 			0.0
0.8639 			0.6667 			0.6420 			25 			10 			0.0
0.8813 			0.6925 			0.6925 			25 			30 			0.0
0.8891 			0.6846 			0.7262 			25 			50 			0.0
0.8934 			0.6767 			0.7499 			25 			70 			0.0
0.8948 			0.6514 			0.7694 			25 			90 			0.0
0.8922 			0.6853 			0.7375 			25 			110 			0.0
0.8918 			0.6900 			0.7376 			25 			130 			0.0


========== Influence of min_gain ==========
Fixed Parameters: {'depth': 25, 'min_samples_split': 40}
--------------------------------------------------------------------------------
Accuracy 			Recall 			Precision 			Depth 			MinSamplesSplit 			MinGain
0.8887 			0.6909 			0.7234 			25 			40 			0.0
0.8868 			0.6935 			0.7119 			25 			40 			0.01
0.8925 			0.6936 			0.7346 			25 			40 			0.02
0.8932 			0.7132 			0.7280 			25 			40 			0.05
0.8837 			0.7080 			0.6969 			25 			40 			0.06
0.8721 			0.7419 			0.6495 			25 			40 			0.08
0.8658 			0.7401 			0.6297 			25 			40 			0.09
0.8279 			0.3381 			0.2998 			25 			40 			0.1
0.8072 			0.0000 			0.0000 			25 			40 			0.2
0.8072 			0.0000 			0.0000 			25 			40 			0.5

