
========== Influence of depth ==========
Fixed Parameters: {'min_samples_split': 15, 'min_gain': 0.0}
--------------------------------------------------------------------------------
Accuracy 			Recall 			Precision 			Depth 			MinSamplesSplit 			MinGain
0.9302 			0.8601 			0.8210 			4 			15 			0.0
0.9465 			0.8889 			0.8640 			6 			15 			0.0
0.9424 			0.8719 			0.8589 			8 			15 			0.0
0.9422 			0.8702 			0.8593 			10 			15 			0.0
0.9439 			0.8871 			0.8547 			12 			15 			0.0
0.9439 			0.8816 			0.8591 			14 			15 			0.0
0.9416 			0.8728 			0.8562 			16 			15 			0.0
0.9424 			0.8728 			0.8585 			18 			15 			0.0


========== Influence of min_samples_split ==========
Fixed Parameters: {'depth': 15, 'min_gain': 0.0}
--------------------------------------------------------------------------------
Accuracy 			Recall 			Precision 			Depth 			MinSamplesSplit 			MinGain
0.9456 			0.8611 			0.8806 			15 			30 			0.0
0.9509 			0.8881 			0.8827 			15 			35 			0.0
0.9509 			0.8970 			0.8763 			15 			40 			0.0
0.9503 			0.8899 			0.8788 			15 			45 			0.0
0.9479 			0.8916 			0.8675 			15 			50 			0.0
0.9454 			0.8916 			0.8583 			15 			55 			0.0
0.9452 			0.8835 			0.8628 			15 			65 			0.0
0.9450 			0.8826 			0.8635 			15 			70 			0.0
0.9437 			0.8897 			0.8540 			15 			75 			0.0


========== Influence of min_gain ==========
Fixed Parameters: {'depth': 15, 'min_samples_split': 15}
--------------------------------------------------------------------------------
Accuracy 			Recall 			Precision 			Depth 			MinSamplesSplit 			MinGain
0.9406 			0.8754 			0.8512 			15 			15 			0.0
0.9427 			0.8772 			0.8579 			15 			15 			0.01
0.9425 			0.8692 			0.8629 			15 			15 			0.02
0.9467 			0.8773 			0.8732 			15 			15 			0.03
0.9479 			0.8916 			0.8680 			15 			15 			0.04
0.9479 			0.8934 			0.8660 			15 			15 			0.045
0.9486 			0.8961 			0.8676 			15 			15 			0.05
0.9488 			0.8907 			0.8723 			15 			15 			0.055
0.9498 			0.8924 			0.8747 			15 			15 			0.06
0.9473 			0.8898 			0.8687 			15 			15 			0.07

