
========== Influence of depth ==========
Fixed Parameters: {'min_samples_split': 15, 'min_gain': 0.0}
--------------------------------------------------------------------------------
Accuracy 			Recall 			Precision 			Depth 			MinSamplesSplit 			MinGain
0.9018 			0.7402 			0.7863 			3 			15 			0.0
0.9496 			0.8844 			0.8793 			5 			15 			0.0
0.9477 			0.8978 			0.8619 			7 			15 			0.0
0.9420 			0.8718 			0.8582 			10 			15 			0.0
0.9441 			0.8835 			0.8587 			15 			15 			0.0
0.9424 			0.8808 			0.8532 			20 			15 			0.0
0.9418 			0.8700 			0.8583 			40 			15 			0.0
0.9429 			0.8773 			0.8588 			60 			15 			0.0
0.9384 			0.8701 			0.8464 			80 			15 			0.0
0.9416 			0.8782 			0.8520 			100 			15 			0.0
0.9391 			0.8729 			0.8466 			120 			15 			0.0


========== Influence of min_samples_split ==========
Fixed Parameters: {'depth': 15, 'min_gain': 0.0}
--------------------------------------------------------------------------------
Accuracy 			Recall 			Precision 			Depth 			MinSamplesSplit 			MinGain
0.9290 			0.8252 			0.8395 			15 			1 			0.0
0.9285 			0.8181 			0.8433 			15 			2 			0.0
0.9389 			0.8709 			0.8466 			15 			10 			0.0
0.9482 			0.8692 			0.8866 			15 			30 			0.0
0.9475 			0.8996 			0.8604 			15 			50 			0.0
0.9441 			0.8906 			0.8540 			15 			70 			0.0
0.9448 			0.8782 			0.8652 			15 			90 			0.0
0.9454 			0.8665 			0.8759 			15 			110 			0.0
0.9460 			0.8539 			0.8888 			15 			130 			0.0


========== Influence of min_gain ==========
Fixed Parameters: {'depth': 15, 'min_samples_split': 15}
--------------------------------------------------------------------------------
Accuracy 			Recall 			Precision 			Depth 			MinSamplesSplit 			MinGain
0.9397 			0.8755 			0.8464 			15 			15 			0.0
0.9425 			0.8817 			0.8559 			15 			15 			0.01
0.9401 			0.8728 			0.8499 			15 			15 			0.02
0.9490 			0.9059 			0.8629 			15 			15 			0.05
0.9517 			0.8996 			0.8768 			15 			15 			0.06
0.9391 			0.8889 			0.8369 			15 			15 			0.08
0.9218 			0.7992 			0.8272 			15 			15 			0.09
0.9197 			0.7884 			0.8270 			15 			15 			0.1
0.7877 			0.0000 			0.0000 			15 			15 			0.2
0.7877 			0.0000 			0.0000 			15 			15 			0.5

