
========== Influence of depth ==========
Fixed Parameters: {'min_samples_split': 50, 'min_gain': 0.0}
--------------------------------------------------------------------------------
Accuracy 			Recall 			Precision 			Depth 			MinSamplesSplit 			MinGain
0.8556 			0.6756 			0.6157 			3 			50 			0.0
0.8680 			0.7231 			0.6408 			5 			50 			0.0
0.8908 			0.7061 			0.7219 			7 			50 			0.0
0.8929 			0.7008 			0.7326 			10 			50 			0.0
0.8981 			0.7160 			0.7465 			15 			50 			0.0
0.8920 			0.7096 			0.7272 			20 			50 			0.0
0.8877 			0.6792 			0.7256 			40 			50 			0.0
0.8941 			0.6952 			0.7423 			50 			50 			0.0
0.8901 			0.6988 			0.7235 			60 			50 			0.0
0.8932 			0.6944 			0.7374 			80 			50 			0.0
0.8903 			0.6988 			0.7243 			100 			50 			0.0
0.8912 			0.6847 			0.7341 			120 			50 			0.0


========== Influence of min_samples_split ==========
Fixed Parameters: {'depth': 20, 'min_gain': 0.0}
--------------------------------------------------------------------------------
Accuracy 			Recall 			Precision 			Depth 			MinSamplesSplit 			MinGain
0.8599 			0.6451 			0.6350 			20 			1 			0.0
0.8692 			0.6757 			0.6571 			20 			2 			0.0
0.8668 			0.6801 			0.6483 			20 			10 			0.0
0.8896 			0.6838 			0.7285 			20 			30 			0.0
0.8889 			0.7025 			0.7184 			20 			50 			0.0
0.8948 			0.6820 			0.7584 			20 			70 			0.0
0.8986 			0.6918 			0.7642 			20 			90 			0.0
0.8930 			0.7007 			0.7333 			20 			110 			0.0


========== Influence of min_gain ==========
Fixed Parameters: {'depth': 20, 'min_samples_split': 50}
--------------------------------------------------------------------------------
Accuracy 			Recall 			Precision 			Depth 			MinSamplesSplit 			MinGain
0.8903 			0.6881 			0.7298 			20 			50 			0.0
0.8839 			0.6648 			0.7185 			20 			50 			0.01
0.8861 			0.6676 			0.7225 			20 			50 			0.02
0.8915 			0.7034 			0.7266 			20 			50 			0.05
0.8835 			0.6783 			0.7079 			20 			50 			0.06
0.8740 			0.7348 			0.6563 			20 			50 			0.08
0.8616 			0.7339 			0.6211 			20 			50 			0.09
0.8371 			0.4667 			0.4204 			20 			50 			0.1
0.8072 			0.0000 			0.0000 			20 			50 			0.2

