
========== Influence of depth ==========
Fixed Parameters: {'min_samples_split': 30, 'min_gain': 0.0}
--------------------------------------------------------------------------------
Accuracy 			Recall 			Precision 			Depth 			MinSamplesSplit 			MinGain
0.9018 			0.7401 			0.7868 			3 			30 			0.0
0.9505 			0.8870 			0.8810 			5 			30 			0.0
0.9515 			0.9049 			0.8717 			7 			30 			0.0
0.9500 			0.8826 			0.8823 			10 			30 			0.0
0.9471 			0.8790 			0.8738 			15 			30 			0.0
0.9484 			0.8773 			0.8804 			20 			30 			0.0
0.9477 			0.8648 			0.8872 			40 			30 			0.0
0.9481 			0.8719 			0.8823 			60 			30 			0.0
0.9498 			0.8799 			0.8837 			80 			30 			0.0
0.9484 			0.8728 			0.8846 			100 			30 			0.0
0.9460 			0.8656 			0.8797 			120 			30 			0.0


========== Influence of min_samples_split ==========
Fixed Parameters: {'depth': 5, 'min_gain': 0.0}
--------------------------------------------------------------------------------
Accuracy 			Recall 			Precision 			Depth 			MinSamplesSplit 			MinGain
0.9496 			0.8853 			0.8784 			5 			1 			0.0
0.9505 			0.8871 			0.8816 			5 			2 			0.0
0.9488 			0.8889 			0.8736 			5 			10 			0.0
0.9496 			0.8826 			0.8806 			5 			30 			0.0
0.9463 			0.8745 			0.8735 			5 			50 			0.0
0.9465 			0.8691 			0.8787 			5 			70 			0.0
0.9471 			0.8691 			0.8828 			5 			90 			0.0
0.9458 			0.8548 			0.8870 			5 			110 			0.0


========== Influence of min_gain ==========
Fixed Parameters: {'depth': 5, 'min_samples_split': 30}
--------------------------------------------------------------------------------
Accuracy 			Recall 			Precision 			Depth 			MinSamplesSplit 			MinGain
0.9503 			0.8870 			0.8804 			5 			30 			0.0
0.9502 			0.8880 			0.8790 			5 			30 			0.01
0.9486 			0.8853 			0.8754 			5 			30 			0.02
0.9503 			0.8890 			0.8798 			5 			30 			0.05
0.9509 			0.8871 			0.8837 			5 			30 			0.06
0.9383 			0.8888 			0.8327 			5 			30 			0.08
0.9237 			0.8137 			0.8255 			5 			30 			0.09
0.9210 			0.8091 			0.8177 			5 			30 			0.1
0.7877 			0.0000 			0.0000 			5 			30 			0.2

